projection = regular_ll
dx = 0.0002777777777777778
dy = -0.0002777777777777778
truelat1 = 0.0
truelat2 = 0.0
stdlon = 0.0
known_x = 1801.0
known_y = 1801.0
known_lon = -112.5
known_lat = 34.49999999999999
row_order = top_bottom
description = "National Elevation Dataset 1/3 arcsecond resolution"
units = "meters"
type = continuous
signed = yes
scale_factor = 1.0
wordsize = 2
tile_x = 3601
tile_y = 3601
tile_z = 1
endian = little
